TEST_DATA_0=[[1566208877000, 5], [1566208937000, 6], [1566208997000, 7], [1566209057000, 8], [1566209117000, 6], [1566209177000, 4]]
TEST_DATA_1=[[1566208877000, 7], [1566208937000, 6], [1566208997000, 5], [1566209057000, 4], [1566209117000, 6], [1566209177000, 8]]
TEST_DATA_2=[[1566208877000, 6], [1566208937000, 8], [1566208997000, 7], [1566209057000, 4], [1566209117000, 3], [1566209177000, 2]]
TEST_DATA_3=[[1566208877000, 7], [1566208937000, 3], [1566208997000, 3], [1566209057000, 4], [1566209117000, 4], [1566209177000, 6]]

TEST_DATA_4=[[1566208877000, 2], [1566208937000, 3], [1566208997000, 4], [1566209057000, 4], [1566209117000, 6], [1566209177000, 4]]
TEST_DATA_5=[[1566208877000, 3], [1566208937000, 3], [1566208997000, 5], [1566209057000, 4], [1566209117000, 6], [1566209177000, 8]]
TEST_DATA_6=[[1566208877000, 1], [1566208937000, 2], [1566208997000, 4], [1566209057000, 4], [1566209117000, 5], [1566209177000, 6]]
TEST_DATA_7=[[1566208877000, 2], [1566208937000, 4], [1566208997000, 3], [1566209057000, 6], [1566209117000, 3], [1566209177000, 4]]

NODE_ENV="development"